(500.000000 0.000000 0.000000) 
(500.000000 0.166641 -0.002908) 
(500.000000 0.333283 -0.005817) 
(500.000000 0.499924 -0.008725) 
(500.000000 0.666565 -0.011633) 
(500.000000 0.833206 -0.014542) 
(500.000000 0.999848 -0.017450) 
(500.000000 1.166489 -0.020358) 
(500.000000 1.333130 -0.023267) 
(500.000000 1.499772 -0.026175) 
(500.000000 1.666413 -0.029083) 
(500.000000 1.833054 -0.031992) 
(500.000000 1.999695 -0.034900) 
(500.000000 2.166337 -0.037808) 
(500.000000 2.332978 -0.040717) 
(500.000000 2.499619 -0.043625) 
(500.000000 2.666260 -0.046533) 
(500.000000 2.832902 -0.049442) 
(500.000000 2.999543 -0.052350) 
(500.000000 12.938029 -0.225827) 
(500.000000 22.876515 -0.399304) 
(500.000000 32.815001 -0.572781) 
(500.000000 42.753487 -0.746258) 
(500.000000 52.691973 -0.919735) 
(500.000000 62.630459 -1.093212) 
(500.000000 72.568945 -1.266689) 
(500.000000 82.507431 -1.440166) 
(500.000000 92.445916 -1.613643) 
(500.000000 102.384402 -1.787120) 
(500.000000 112.322888 -1.960597) 
(500.000000 122.261374 -2.134074) 
(500.000000 132.199860 -2.307551) 
(500.000000 142.138346 -2.481028) 
(500.000000 152.076832 -2.654505) 
(500.000000 162.015318 -2.827982) 
(500.000000 171.953804 -3.001459) 
(500.000000 181.892290 -3.174936) 
(500.000000 191.830776 -3.348413) 
(500.000000 201.769262 -3.521890) 
(500.000000 211.707748 -3.695367) 
(500.000000 221.646234 -3.868844) 
(500.000000 231.584720 -4.042321) 
(500.000000 241.523206 -4.215798) 
(500.000000 251.461692 -4.389275) 
(500.000000 261.400177 -4.562752) 
(500.000000 271.338663 -4.736229) 
(500.000000 281.277149 -4.909706) 
(500.000000 291.215635 -5.083183) 
(500.000000 301.154121 -5.256660) 
(500.000000 311.092607 -5.430137) 
(500.000000 321.031093 -5.603614) 
(500.000000 330.969579 -5.777091) 
(500.000000 340.908065 -5.950568) 
(500.000000 350.846551 -6.124045) 
(500.000000 360.785037 -6.297522) 
(500.000000 370.723523 -6.470999) 
(500.000000 380.662009 -6.644476) 
(500.000000 390.600495 -6.817953) 
(500.000000 400.538981 -6.991430) 
(500.000000 410.477466 -7.164907) 
(500.000000 420.415953 -7.338384) 
(500.000000 430.354438 -7.511861) 
(500.000000 440.292924 -7.685338) 
(500.000000 450.231410 -7.858815) 
(500.000000 460.169896 -8.032292) 
(500.000000 470.108382 -8.205769) 
(500.000000 480.046868 -8.379246) 
(500.000000 489.985354 -8.552723) 
(500.000000 499.923840 -8.726200) 
(10000.325000 0.000000 0.000000) 
(10000.325000 0.166641 -0.002908) 
(10000.325000 0.333283 -0.005817) 
(10000.325000 0.499924 -0.008725) 
(10000.325000 0.666565 -0.011633) 
(10000.325000 0.833206 -0.014542) 
(10000.325000 0.999848 -0.017450) 
(10000.325000 1.166489 -0.020358) 
(10000.325000 1.333130 -0.023267) 
(10000.325000 1.499772 -0.026175) 
(10000.325000 1.666413 -0.029083) 
(10000.325000 1.833054 -0.031992) 
(10000.325000 1.999695 -0.034900) 
(10000.325000 2.166337 -0.037808) 
(10000.325000 2.332978 -0.040717) 
(10000.325000 2.499619 -0.043625) 
(10000.325000 2.666260 -0.046533) 
(10000.325000 2.832902 -0.049442) 
(10000.325000 2.999543 -0.052350) 
(19500.650000 0.000000 0.000000) 
(19500.650000 0.166641 -0.002908) 
(19500.650000 0.333283 -0.005817) 
(19500.650000 0.499924 -0.008725) 
(19500.650000 0.666565 -0.011633) 
(19500.650000 0.833206 -0.014542) 
(19500.650000 0.999848 -0.017450) 
(19500.650000 1.166489 -0.020358) 
(19500.650000 1.333130 -0.023267) 
(19500.650000 1.499772 -0.026175) 
(19500.650000 1.666413 -0.029083) 
(19500.650000 1.833054 -0.031992) 
(19500.650000 1.999695 -0.034900) 
(19500.650000 2.166337 -0.037808) 
(19500.650000 2.332978 -0.040717) 
(19500.650000 2.499619 -0.043625) 
(19500.650000 2.666260 -0.046533) 
(19500.650000 2.832902 -0.049442) 
(19500.650000 2.999543 -0.052350) 
(19500.650000 4.879257 -0.085161) 
(19500.650000 6.758970 -0.117972) 
(19500.650000 8.638684 -0.150782) 
(19500.650000 10.518398 -0.183593) 
(19500.650000 12.398111 -0.216404) 
(19500.650000 14.277825 -0.249215) 
(19500.650000 16.157538 -0.282026) 
(19500.650000 18.037252 -0.314836) 
(19500.650000 19.916966 -0.347647) 
(19500.650000 21.796679 -0.380458) 
(19500.650000 23.676393 -0.413269) 
(19500.650000 25.556107 -0.446080) 
(19500.650000 27.435820 -0.478890) 
(19500.650000 29.315534 -0.511701) 
(19500.650000 31.195248 -0.544512) 
(19500.650000 33.074961 -0.577323) 
(19500.650000 34.954675 -0.610134) 
(19500.650000 36.834389 -0.642944) 
(19500.650000 38.714102 -0.675755) 
(19500.650000 40.593816 -0.708566) 
(19500.650000 42.473529 -0.741377) 
(19500.650000 44.353243 -0.774188) 
(19500.650000 46.232957 -0.806998) 
(19500.650000 48.112670 -0.839809) 
(19500.650000 49.992384 -0.872620) 
